9 4
14 8 6 4
10 3
11 8 7 4 3
5 0

14 8 6 4
10 3
11 8 7 4 3
9 4
5 0

10 3
11 8 7 4 3
9 4
14 8 6 4
5 0

11 8 7 4 3
9 4
14 8 6 4
10 3
5 0

6 7 12
10
2 4 8
6 9 11 12 13 14
3 0

10
2 4 8
6 7 12
6 9 11 12 13 14
3 0

2 4 8
6 7 12
10
6 9 11 12 13 14
3 0

5 8 10 11
2 5 9 10
2 4 11 13 14

5 0

2 5 9 10
2 4 11 13 14

5 8 10 11
5 0

2 4 11 13 14

5 8 10 11
2 5 9 10
5 0


5 8 10 11
2 5 9 10
2 4 11 13 14
5 0

3 9 11 12
2 4 8 12
3 7 9
5 12
5 0

2 4 8 12
3 7 9
5 12
3 9 11 12
5 0

3 7 9
5 12
3 9 11 12
2 4 8 12
5 0

5 12
3 9 11 12
3 7 9
2 4 8 12
5 0

7 10 14
3 4 9 13
9
2 4 8 12 13
3 0

3 4 9 13
7 10 14
9
2 4 8 12 13
3 0

9
3 4 9 13
7 10 14
2 4 8 12 13
3 0

5 6 7 12
2 14
3 4 9
3 6 10 11
5 0

2 14
3 4 9
3 6 10 11
5 6 7 12
5 0

3 4 9
3 6 10 11
5 6 7 12
2 14
5 0

3 6 10 11
5 6 7 12
2 14
3 4 9
5 0

2 3 5 10
3 7
5 9 10 12
3 7 13
5 0

3 7
5 9 10 12
3 7 13
2 3 5 10
5 0

5 9 10 12
3 7 13
2 3 5 10
3 7
5 0

3 7 13
2 3 5 10
3 7
5 9 10 12
5 0

7 10
4 5 11
2 4 14
5 8 11 13 14
3 0

4 5 11
2 4 14
7 10
5 8 11 13 14
3 0

2 4 14
7 10
4 5 11
5 8 11 13 14
3 0

10 7
11 10 5 4
14 4 2
13 9 8 5
5 0

11 10 5 4
14 4 2
13 9 8 5
10 7
5 0

14 4 2
13 9 8 5
10 7
11 10 5 4
5 0

13 14
3 4 9 12
2 11 12 14
2 7 13
1 0

2 7 13
3 4 9 12
2 7 13
13 14
1 0

9 14

2 6 10 12 13
2 4 6 7 9 13
3 0


2 6 10 12 13
9 14
2 4 6 7 9 13
3 0

2 6 10 12 13
9 14

2 4 6 7 9 13
3 0

9 14

2 4 6 7 9 13
2 6 10 12 13
2 0


2 6 10 12 13
2 4 6 7 9 13
9 14
2 0

2 6 10 12 13
9 14
2 4 6 7 9 13

2 0

13
8 11
5 7 9 11 14
3 4 6 9 13
3 0

8 11
5 7 8 11 14
3 4 6 9 13
13
2 0

8 11
13
3 4 6 9 13
5 7 9 11 14
3 0

13
3 4 6 9 13
5 7 8 11 14
8 11
2 0

3 5 7 13
9 11
10 13 14
5 6 7 11
0 0

3 5 7 13
10 13 14
5 6 7 11
9 11
0 0

9 11
3 5 7 13
10 13 14
5 6 7 11
1 0

10 13 14
3 5 7 13
5 6 7 11
9 11
1 0

10 13 14
5 6 7 11
3 5 7 13
9 11
1 0

5 6 7 11
10 13 14
3 5 7 13
9 11
0 0

3 5 6 7
12 13 14
4 8 13
4 8 11
0 0

3 5 6 7
4 8 13
4 8 11
12 13 14
0 0

3 5 6 7
4 8 11
12 13 14
4 8 13
0 0

12 13 14
3 5 6 7
4 8 13
4 8 11
1 0

4 8 13
3 5 6 7
4 8 11
12 13 14
1 0

4 8 11
3 5 6 7
12 13 14
4 8 13
1 0

7 9 12
3 8 13
2 7 11
8 10 13 14
0 0

3 8 13
2 7 11
8 10 13 14
7 9 12
0 0

2 7 11
8 10 13 14
7 9 12
3 8 13
1 0

8 10 13 14
7 9 12
3 8 13
2 7 11
0 0

5 11 12 13
8 11
2 8 12
3 6 7 13
0 0

2 8 12
3 6 7 13
5 11 12 13
8 11
1 0

3 6 7 13
5 11 12 13
8 11
2 8 12
1 0

2 3 13
7 10 12
6 12
3 8 9 11 14
3 0

7 10 12
6 12
3 8 9 11 14
2 3 13
2 0

6 12
3 8 9 11 14
2 3 12
7 10 12
1 0

3 8 9 11 14
2 3 12
7 10 12
6 12
0 0

4 10 13 14
2 3 4 5 6 13
6
10 12
1 0

2 3 4 5 6 13
6
10 12
4 10 13 14
0 0

6
10 12
4 10 13 14
2 3 4 5 6 13
3 0

10 12
4 10 13 14
2 3 4 5 6 13
6
2 0

4 5 14
4 12
2 7 13 14
2 6 7 10
0 0

4 12
2 7 13 14
2 6 7 10
4 5 14
1 0

2 6 7 10
4 5 14
2 7 13 14
4 12
0 0

4 12
4 5 14
2 6 7 10
2 7 13 14
1 0
